MSE = 0.010531435226451377
RMSE = 0.10262278
MAE = 0.059078857
