MSE = 0.012233043830765754
RMSE = 0.110603094
MAE = 0.06074437
