MSE = 0.017786299879504305
RMSE = 0.13336529
MAE = 0.07513961
