MSE = 0.006473193369603076
RMSE = 0.08045616
MAE = 0.045967124
