MSE = 0.013777879180804807
RMSE = 0.11737921
MAE = 0.06360604
