MSE = 0.01859827135645208
RMSE = 0.13637549
MAE = 0.07640954
