MSE = 0.003766595683738488
RMSE = 0.061372597
MAE = 0.03912646
