MSE = 0.05100601120870941
RMSE = 0.2258451
MAE = 0.16420788
