MSE = 0.0034093753415711074
RMSE = 0.058389854
MAE = 0.03774652
