MSE = 0.04517940771417553
RMSE = 0.21255447
MAE = 0.15179649
