MSE = 0.03711308614940059
RMSE = 0.19264756
MAE = 0.127685
