MSE = 0.013512581637521991
RMSE = 0.11624363
MAE = 0.06201768
