MSE = 0.005016894358508036
RMSE = 0.07083004
MAE = 0.041644465
