MSE = 0.017540441686604298
RMSE = 0.13244033
MAE = 0.06966018
