MSE = 0.009980417990765603
RMSE = 0.09990204
MAE = 0.054951947
