MSE = 0.00512479875280067
RMSE = 0.0715877
MAE = 0.05520435
