MSE = 0.0009231817036823825
RMSE = 0.030383907
MAE = 0.022094032
