MSE = 0.001402065327640103
RMSE = 0.037444163
MAE = 0.026067523
