MSE = 0.0009072317192222664
RMSE = 0.030120289
MAE = 0.021842461
