MSE = 0.0017818517520005793
RMSE = 0.042211987
MAE = 0.029007748
