MSE = 0.0019347002699992859
RMSE = 0.043985225
MAE = 0.03051444
