MSE = 0.000820597224641418
RMSE = 0.028646069
MAE = 0.0207899
