MSE = 0.003970031869099584
RMSE = 0.06300819
MAE = 0.047995932
