MSE = 0.001001289852645768
RMSE = 0.031643163
MAE = 0.023010835
