MSE = 0.0019377802585273287
RMSE = 0.044020228
MAE = 0.030312665
