MSE = 0.0011102480532298254
RMSE = 0.033320386
MAE = 0.023756176
