MSE = 0.0043432889202999515
RMSE = 0.065903634
MAE = 0.053152274
