MSE = 0.0014400616336917114
RMSE = 0.037948143
MAE = 0.027088864
