MSE = 0.0010609887629682414
RMSE = 0.03257282
MAE = 0.023682967
