MSE = 0.0007467050340871305
RMSE = 0.027325904
MAE = 0.019863218
